SCAMPTON 1973 01 29 0300 8.0
SCAMPTON 1974 02 21 1000 11.0
SCAMPTON 1975 11 04 1800 9.0
SCAMPTON 1976 12 03 0700 0.0
SCAMPTON 1979 02 15 1100 -4.0
SCAMPTON 1979 03 08 1800 20.0
SCAMPTON 1983 10 24 1500 8.9
SCAMPTON 1985 06 27 1700 15.2
SCAMPTON 1987 05 28 2200 10.5
SCAMPTON 1988 03 03 2300 -1.1
SCAMPTON 1989 03 08 1700 7.6
SCAMPTON 1990 04 11 0800 8.1
SCAMPTON 1990 10 15 0450 14.0
SCAMPTON 1991 06 18 1150 11.0
SCAMPTON 1992 04 30 1100 10.1
SCAMPTON 1993 05 26 1400 10.5
SCAMPTON 1995 06 07 0800 11.4
SCAMPTON 2002 06 26 2200 12.3
SCAMPTON 2003 01 08 0400 -1.3
SCAMPTON 2004 02 04 0850 12.0
SCAMPTON 2004 08 12 0750 18.0
SCAMPTON 2006 01 20 1900 7.3
SCAMPTON 2006 12 22 0700 -2.3
SCAMPTON 2007 07 04 1800 14.9
SCAMPTON 2008 04 03 1100 11.2
SCAMPTON 2009 02 06 0750 0.0
SCAMPTON 2009 05 30 2100 11.4
SCAMPTON 2009 12 20 0500 -4.8
SCAMPTON 2011 03 25 2050 8.0
SCAMPTON 2012 01 29 2150 1.0
SCAMPTON 2012 02 11 0800 -11.5
SCAMPTON 2012 07 22 0600 14.0
SCAMPTON 2013 02 21 1750 1.0
SCAMPTON 2013 09 25 1650 17.0
SCAMPTON 2014 06 08 1300 20.4
SCAMPTON 2014 09 28 0750 14.0
WADDINGTON 1999 03 10 1300 7.1
WADDINGTON 1999 11 18 0300 1.8
WADDINGTON 2000 08 08 2250 16.0
WADDINGTON 2001 03 21 1250 1.0
WADDINGTON 2002 03 19 0200 5.2
WADDINGTON 2003 03 06 2150 5.0
WADDINGTON 2003 07 21 1125 20.0
WADDINGTON 2004 01 03 0500 -1.2
WADDINGTON 2004 07 06 1600 20.0
WADDINGTON 2004 10 31 1650 11.0
WADDINGTON 2006 09 21 0550 14.0
WADDINGTON 2007 03 03 1800 8.9
WADDINGTON 2007 08 10 2350 14.0
WADDINGTON 2007 12 11 1750 1.0
WADDINGTON 2008 06 21 1650 16.0